positive/1678031700.4692886.jpg 8 1045 405 93 60 803 484 89 55 1094 532 92 53 898 582 92 52 848 656 92 51 707 681 83 45 753 563 90 43 656 510 90 49
positive/1678031717.2697518.jpg 8 854 280 89 44 907 393 84 53 706 448 90 47 658 517 91 52 513 539 91 56 562 420 90 48 612 349 87 47 466 372 92 48
positive/1678031720.869529.jpg 5 850 123 98 50 994 142 95 58 1199 103 86 45 948 219 96 55 803 240 95 58
positive/1678031722.8487754.jpg 8 899 271 94 49 1046 243 93 53 1296 168 89 56 1348 290 82 56 1146 340 92 51 1094 413 103 53 948 436 98 58 1001 317 91 51
positive/1678031725.7721422.jpg 8 894 532 104 50 1048 505 90 54 1295 432 85 52 1339 551 93 55 1143 598 96 57 1096 672 91 57 954 696 89 57 1002 581 92 50
positive/1678031730.36984.jpg 6 324 435 99 49 376 549 94 61 180 605 92 51 128 672 98 57 36 572 89 66 83 502 94 58
positive/1678031735.1161923.jpg 7 672 501 114 58 735 645 107 55 513 695 97 62 395 579 106 70 342 670 103 66 226 605 113 83 282 798 110 78
positive/1678031738.0361645.jpg 8 618 181 115 65 165 292 110 65 334 260 118 75 273 355 126 63 437 377 123 72 677 320 118 72 395 462 114 73 226 493 110 69
positive/1678031742.464282.jpg 7 384 203 189 93 646 148 208 113 559 288 190 109 464 511 204 108 742 483 173 88 832 341 180 96 1194 243 188 108
positive/1678031744.6538434.jpg 8 713 470 183 101 448 508 179 100 612 590 204 126 891 638 193 115 1167 327 186 112 1259 557 179 105 805 785 182 89 514 816 210 105
positive/1678031746.173133.jpg 6 747 446 165 101 837 675 179 94 465 766 199 90 289 581 209 106 29 629 178 90 197 713 197 112
positive/1678031747.8271022.jpg 9 574 316 177 109 823 270 203 108 749 405 190 107 658 623 192 113 917 575 211 131 1009 449 186 117 1385 363 172 102 1385 363 172 102 1287 129 194 109
positive/1678031749.3149552.jpg 2 638 237 200 108 913 195 184 114
positive/1678031752.0144114.jpg 5 1075 405 184 119 1341 350 176 134 1249 498 199 111 1153 716 181 114 1532 536 137 115
positive/1678031753.654736.jpg 6 905 464 180 118 988 675 182 137 626 777 194 119 449 611 180 104 342 741 191 89 188 650 161 92
positive/1678031755.419723.jpg 3 485 467 172 93 396 247 171 100 126 560 168 98
positive/1678031757.048859.jpg 7 379 113 172 85 559 280 163 103 916 196 175 93 465 421 170 104 198 463 174 105 288 236 174 109 106 144 176 112
positive/1678031759.1641262.jpg 6 572 656 188 99 853 609 173 113 1299 467 170 117 1393 691 164 119 1039 794 160 96 752 747 183 108
positive/1678031763.2876768.jpg 8 717 505 92 61 866 486 97 58 1112 410 91 56 1160 532 89 55 962 584 98 50 815 556 94 57 916 653 93 59 762 678 104 57
positive/1678031767.848093.jpg 4 668 229 102 56 820 206 94 54 868 133 95 60 723 109 96 53
positive/1678031769.7909057.jpg 8 869 356 93 57 1012 331 99 59 1267 255 85 58 1309 376 94 60 972 404 81 54 1109 422 103 60 1061 496 105 61 920 519 91 63
positive/1678031771.2670672.jpg 8 855 430 100 61 900 549 105 62 712 603 91 55 658 674 104 63 514 697 102 64 563 580 99 58 612 499 96 66 463 526 103 61
positive/1678031773.337325.jpg 8 831 525 107 62 987 504 96 61 933 574 106 66 886 696 93 64 1027 671 104 64 1081 602 98 64 1280 551 109 61 1226 431 104 59
positive/1678031775.9008214.jpg 8 531 429 99 61 586 554 89 56 287 507 93 53 243 583 88 53 383 604 92 51 338 674 99 65 190 702 102 56 149 528 86 64
positive/1678031777.5091588.jpg 8 364 298 100 55 563 247 93 64 515 129 94 55 270 201 94 57 121 212 102 69 215 267 105 65 318 369 97 60 168 393 99 59
positive/1678031779.3640704.jpg 6 658 286 102 68 806 265 91 56 852 196 98 51 713 170 85 56 759 101 100 52 607 120 104 57
positive/1678031781.3394353.jpg 8 880 444 92 62 1022 418 96 67 970 492 105 65 923 613 102 65 1066 591 106 60 1125 513 93 70 1319 471 96 62 1271 349 91 61
positive/1678031783.0981677.jpg 3 745 168 96 58 879 145 110 55 1138 24 92 54
positive/1678031784.6183214.jpg 8 668 331 95 61 717 453 97 58 524 503 91 55 474 577 96 52 325 596 95 60 375 475 93 64 430 405 85 57 279 424 96 64
positive/1678031786.2486107.jpg 5 408 240 99 59 359 122 103 55 216 291 102 58 166 364 101 60 114 191 104 59
positive/1678031790.7534034.jpg 6 541 364 134 74 611 517 130 83 351 587 130 74 286 688 127 74 222 453 131 89 155 545 128 90
positive/1678031792.445196.jpg 8 397 348 130 77 525 412 129 80 459 577 135 71 649 534 134 84 721 450 129 75 585 316 133 75 911 220 138 69 981 383 125 71
positive/1678031794.8439174.jpg 2 532 174 132 76 727 150 127 69
positive/1678031796.3458507.jpg 8 776 221 123 73 963 188 127 72 898 283 125 80 836 455 127 68 1025 414 138 76 1098 309 121 93 1355 247 132 86 1289 96 127 69
positive/1678031797.7834291.jpg 8 853 496 132 75 983 558 132 82 1053 461 132 78 1368 367 136 79 1447 520 123 90 1177 594 131 74 1118 689 126 77 914 718 143 86
positive/1678031799.236014.jpg 7 1052 537 137 81 1122 695 126 86 862 763 127 78 735 634 126 79 669 735 128 75 797 865 129 70 537 670 130 74
positive/1678031800.7040403.jpg 7 368 186 126 77 564 154 131 71 952 215 132 74 696 277 122 86 498 252 127 71 620 378 138 78 439 406 123 87
positive/1678031802.059467.jpg 7 597 387 130 78 664 550 132 85 274 489 131 78 394 606 142 97 220 581 124 80 90 524 122 80 337 715 139 84
positive/1678031803.6936827.jpg 4 384 545 128 87 447 709 134 80 189 777 133 82 65 646 126 81
positive/1678031805.1634493.jpg 6 844 567 125 88 902 734 132 75 646 800 131 81 521 670 124 73 457 765 126 86 322 698 126 85
positive/1678031807.2697315.jpg 4 402 269 129 76 600 235 124 77 654 146 137 70 340 48 127 72
positive/1678031812.0608764.jpg 2 672 253 343 201 839 686 383 238
positive/1678031813.6325774.jpg 1 540 567 359 206
positive/1678031814.902098.jpg 3 959 155 379 227 406 240 381 245 772 421 376 242
positive/1678031816.2612815.jpg 4 749 424 371 228 946 143 349 246 207 513 375 229 392 89 359 210
positive/1678031818.0314944.jpg 2 898 174 350 236 1244 351 368 235
positive/1678031820.9731085.jpg 2 1121 130 362 250 557 225 387 208
positive/1678032250.3328934.jpg 6 957 366 149 102 1177 333 150 98 1112 447 135 90 1328 478 145 94 1257 594 134 87 1034 627 144 91
positive/1678032261.6894486.jpg 8 541 346 139 91 905 236 143 89 987 418 135 86 688 494 142 76 609 599 154 88 471 458 138 91 318 378 148 94 397 629 140 94
positive/1678032268.6300933.jpg 2 115 362 138 88 188 534 145 99
positive/1678032270.410386.jpg 7 1049 262 148 95 612 197 144 89 545 303 135 88 396 227 138 88 473 483 127 89 685 445 141 94 759 333 139 95
positive/1678032272.4222279.jpg 3 1055 237 142 96 1279 203 134 92 1134 55 143 93
positive/1678032277.2826252.jpg 6 1163 141 210 148 833 205 203 142 1067 312 181 122 1390 355 222 162 1270 542 219 125 946 600 199 125
positive/1678032279.3881938.jpg 4 846 551 227 134 1405 382 219 143 1073 770 214 124 748 722 219 129
positive/1678032281.1482658.jpg 7 1153 307 212 130 707 422 209 122 596 594 236 129 269 641 219 129 390 358 191 141 481 186 232 145 153 253 219 114
positive/1678032282.6641624.jpg 6 197 283 213 141 750 122 215 133 863 390 213 140 423 501 199 133 307 674 214 147 107 455 184 125
positive/1678032284.3509226.jpg 4 710 369 239 154 837 646 194 130 392 766 214 128 169 546 209 133
positive/1678032287.0923095.jpg 5 551 524 230 134 890 468 230 141 785 650 218 130 1115 686 219 140 1452 318 212 138
positive/1678032296.5351372.jpg 6 671 320 200 141 806 258 189 133 900 109 216 129 571 163 221 133 1127 323 199 130 1009 499 222 130
positive/1678032300.8736947.jpg 7 1218 315 213 136 1322 581 224 137 872 704 241 139 669 493 211 125 327 545 232 119 430 705 235 128 557 648 212 117
positive/1678032305.687029.jpg 7 655 471 203 113 782 526 196 125 555 631 206 121 441 691 203 124 328 515 219 145 1210 295 218 147 1324 577 208 132
positive/1678032309.9536078.jpg 7 731 179 208 112 842 244 209 106 730 290 218 126 401 235 227 137 506 395 227 142 837 555 231 157 1397 289 217 134
positive/1678032312.7282531.jpg 5 806 361 213 132 913 637 228 132 252 526 204 114 372 588 210 107 253 638 210 125
positive/1678032314.3976002.jpg 6 905 211 213 117 905 327 211 114 1016 273 217 115 577 272 213 127 679 426 228 147 1017 588 208 149
positive/1678032320.4583917.jpg 6 1007 438 209 119 1120 375 214 133 1121 506 218 118 1008 554 224 131 786 661 228 126 1116 815 226 123
positive/1678032322.7781384.jpg 5 737 129 235 112 849 200 218 98 737 241 234 116 517 338 221 142 837 496 235 149
positive/1678032324.6912918.jpg 5 493 361 236 163 608 642 228 140 64 493 217 118 64 611 216 125 2 548 161 127
positive/1678032326.575887.jpg 4 1103 495 225 139 663 609 217 111 562 667 212 114 663 718 225 129
positive/1678034065.3695953.jpg 8 555 444 109 68 328 497 114 71 276 527 101 65 328 568 115 53 277 593 100 60 158 640 117 66 327 720 122 82 609 583 114 72
positive/1678034087.3729117.jpg 8 891 556 117 64 839 586 115 58 891 620 117 57 840 646 110 62 727 691 111 71 893 772 112 73 1118 490 112 74 1179 631 103 77
positive/1678034097.5059779.jpg 6 468 330 181 111 752 375 184 120 1039 515 178 119 1046 236 179 121 950 180 171 121 1044 128 185 112
positive/1678034113.718868.jpg 6 939 220 203 136 1050 170 208 125 946 112 194 121 1078 63 182 116 1047 483 222 146 398 268 212 142
positive/1678034118.9032028.jpg 2 453 256 216 127 344 517 198 137
positive/1678034121.4798727.jpg 5 705 585 206 131 1247 530 200 147 1249 420 205 118 1356 351 212 141 1357 494 213 120
positive/1678034125.2685637.jpg 2 805 488 199 142 807 628 212 117
positive/1678034130.7492132.jpg 2 884 315 200 131 999 241 216 146
positive/1678034135.0033026.jpg 6 732 266 213 122 614 322 226 111 732 389 212 118 613 436 227 136 1165 160 217 131 1272 429 222 136
positive/1678034138.3552125.jpg 6 632 241 209 127 513 300 216 120 632 367 208 117 513 420 214 114 1067 459 211 138 1064 134 213 141
positive/1678034141.1377332.jpg 6 627 232 209 130 507 305 224 121 505 423 227 121 1056 128 218 137 1067 455 207 148 849 453 210 145
positive/1678034142.8683014.jpg 6 914 393 228 162 937 740 196 124 711 737 209 129 485 521 216 118 383 578 193 109 387 693 199 118
positive/1678034145.3669903.jpg 6 485 502 215 132 378 570 218 121 701 721 210 143 382 679 209 140 924 731 217 139 967 623 168 111
positive/1678034147.591051.jpg 4 510 387 154 121 472 508 195 127 248 502 196 130 9 308 214 100
positive/1678034150.6413147.jpg 2 1163 387 203 98 1066 450 115 121
positive/1678034152.6033945.jpg 6 479 395 205 93 384 447 100 138 1017 241 206 132 1021 126 197 123 1132 69 203 135 1337 292 213 134
positive/1678034158.7841635.jpg 2 741 183 111 143 845 142 214 84
positive/1678034161.228744.jpg 3 1276 532 210 136 1391 484 215 132 1282 653 211 134
positive/1678034178.0227993.jpg 3 389 584 181 112 361 713 198 113 147 714 192 117
positive/1678034180.8754432.jpg 6 230 126 216 120 346 62 216 123 230 238 216 122 552 273 219 133 815 170 173 122 794 284 191 115
positive/1678034184.2199457.jpg 2 899 741 209 123 787 799 218 128
positive/1678034186.2111073.jpg 6 759 335 220 138 643 398 211 125 642 505 220 141 964 538 224 155 1248 452 152 117 1206 557 201 135
positive/1678034189.0563495.jpg 2 1220 367 129 125 1341 309 195 92
positive/1678034191.245819.jpg 5 836 189 207 114 1152 232 210 126 295 362 194 61 173 397 120 133 849 86 174 105
positive/1678034193.1978984.jpg 6 713 133 157 109 658 239 206 118 434 232 209 119 113 186 206 121 217 8 215 127 161 76 160 119
positive/1678034194.7468376.jpg 3 355 518 163 134 319 652 200 115 99 635 209 131
positive/1678034197.6616094.jpg 6 318 587 224 128 221 645 208 127 225 753 193 134 540 806 220 118 797 686 173 117 762 808 216 120
positive/1678034202.5594742.jpg 5 838 309 218 130 837 193 210 120 948 129 227 145 723 662 231 165 1381 360 212 130
positive/1678034204.366671.jpg 1 299 263 211 153
positive/1678034209.3174658.jpg 4 469 214 226 129 479 108 215 112 584 577 218 143 367 580 220 151
positive/1678034211.0897367.jpg 2 446 218 232 143 674 215 223 160
positive/1678034213.3787587.jpg 5 696 166 200 145 804 125 217 141 697 282 215 150 598 654 203 151 805 654 221 154
